int a bla bla;
a=32.000000;
abc=10.200000;
